1.0 1.0 1.0
0.0 0.0 0.0
0 0 0
0 0 0
0 0 0
0 0 0.247059
0 0 0.498039
0 0 0.690196
0 0 0.74902
0 0 1
0 0.247059 0
0 0.247059 0.247059
0 0.247059 0.498039
0 0.247059 0.74902
0 0.247059 1
0 0.498039 0
0 0.498039 0.247059
0 0.498039 0.498039
0 0.498039 0.74902
0 0.498039 1
0 0.74902 0
0 0.74902 0.247059
0 0.74902 0.498039
0 0.74902 0.74902
0 0.74902 1
0 0.74902 1
0 0.898039 1
0 1 0
0 1 0.247059
0 1 0.498039
0 1 0.74902
0 1 1
0.0588235 0.294118 0.521569
0.0980392 0.478431 0.85098
0.113725 0.0823529 0.356863
0.117647 0.564706 1
0.137255 0.258824 0.360784
0.145098 0.141176 0.290196
0.160784 0.145098 0.435294
0.164706 0.129412 0.545098
0.192157 0.121569 0.701961
0.196078 0.329412 0.333333
0.2 0.333333 0.333333
0.2 0.8 0.2
0.2 1 0.498039
0.231373 0.431373 0.6
0.243137 0.341176 0.54902
0.247059 0 0
0.247059 0 0.247059
0.247059 0 0.498039
0.247059 0 0.74902
0.247059 0 1
0.247059 0.0588235 0.482353
0.247059 0.247059 0
0.247059 0.247059 0.247059
0.247059 0.247059 0.498039
0.247059 0.247059 0.74902
0.247059 0.247059 1
0.247059 0.447059 0.94902
0.247059 0.498039 0
0.247059 0.498039 0.247059
0.247059 0.498039 0.498039
0.247059 0.498039 0.74902
0.247059 0.498039 1
0.247059 0.74902 0
0.247059 0.74902 0.247059
0.247059 0.74902 0.498039
0.247059 0.74902 0.74902
0.247059 0.74902 1
0.247059 1 0
0.247059 1 0.247059
0.247059 1 0.498039
0.247059 1 0.74902
0.247059 1 1
0.27451 0.509804 0.705882
0.294118 0.317647 0.694118
0.298039 0.298039 0.898039
0.298039 0.298039 0.898039
0.298039 0.298039 0.898039
0.298039 0.298039 0.898039
0.298039 0.462745 0.898039
0.298039 0.462745 0.898039
0.298039 0.462745 0.898039
0.298039 0.509804 0.898039
0.298039 0.623529 0.898039
0.298039 0.623529 0.898039
0.298039 0.623529 0.898039
0.298039 0.721569 0.898039
0.298039 0.788235 0.898039
0.298039 0.788235 0.898039
0.298039 0.898039 0.352941
0.298039 0.898039 0.439216
0.298039 0.898039 0.517647
0.298039 0.898039 0.65098
0.298039 0.898039 0.678431
0.298039 0.898039 0.843137
0.298039 0.898039 0.843137
0.298039 0.898039 0.862745
0.301961 0.301961 0.301961
0.317647 0.317647 0.54902
0.317647 0.52549 0.533333
0.317647 0.533333 0.533333
0.337255 0.337255 0.337255
0.352941 0.32549 0.341176
0.356863 0 0
0.368627 0.898039 0.298039
0.372549 0.619608 0.627451
0.376471 0.627451 0.627451
0.380392 0.529412 0.85098
0.392157 0.392157 0.392157
0.4 0.34902 0.8
0.407843 0.898039 0.298039
0.435294 0.435294 0.435294
0.435294 0.462745 0.627451
0.443137 0.498039 0.792157
0.447059 0.623529 1
0.462745 0.298039 0.898039
0.462745 0.298039 0.898039
0.470588 0.439216 0.419608
0.498039 0 0
0.498039 0 0.247059
0.498039 0 0.498039
0.498039 0 0.74902
0.498039 0 1
0.498039 0.247059 0
0.498039 0.247059 0.247059
0.498039 0.247059 0.498039
0.498039 0.247059 0.74902
0.498039 0.247059 1
0.498039 0.498039 0
0.498039 0.498039 0.247059
0.498039 0.498039 0.498039
0.498039 0.498039 0.74902
0.498039 0.498039 1
0.498039 0.74902 0
0.498039 0.74902 0.247059
0.498039 0.74902 0.498039
0.498039 0.74902 0.74902
0.498039 0.74902 1
0.498039 1 0
0.498039 1 0
0.498039 1 0.247059
0.498039 1 0.498039
0.498039 1 0.74902
0.498039 1 1
0.509804 0.298039 0.898039
0.572549 0.619608 0.827451
0.572549 0.898039 0.298039
0.580392 0.898039 0.298039
0.592157 0.588235 0.627451
0.596078 0.8 1
0.6 0 0.8
0.6 0.6 0.6
0.611765 0.611765 0.611765
0.623529 0.298039 0.898039
0.623529 0.298039 0.898039
0.623529 0.529412 0.384314
0.635294 0.635294 0.635294
0.639216 0.694118 0.843137
0.666667 0.776471 0.866667
0.678431 0.847059 0.901961
0.686275 0.933333 0.933333
0.690196 0.878431 0.901961
0.698039 1 0.2
0.698039 1 0.2
0.705882 0.933333 0.705882
0.709804 0.752941 0.819608
0.721569 0.298039 0.898039
0.72549 0.835294 0.839216
0.72549 0.839216 0.839216
0.733333 0.898039 0.298039
0.745098 0.745098 0.745098
0.74902 0 0
0.74902 0 0.247059
0.74902 0 0.498039
0.74902 0 0.74902
0.74902 0 1
0.74902 0.247059 0
0.74902 0.247059 0.247059
0.74902 0.247059 0.498039
0.74902 0.247059 0.74902
0.74902 0.247059 1
0.74902 0.498039 0
0.74902 0.498039 0.247059
0.74902 0.498039 0.498039
0.74902 0.498039 0.74902
0.74902 0.498039 1
0.74902 0.74902 0
0.74902 0.74902 0.247059
0.74902 0.74902 0.498039
0.74902 0.74902 0.74902
0.74902 0.74902 1
0.74902 1 0
0.74902 1 0.247059
0.74902 1 0.498039
0.74902 1 0.74902
0.74902 1 1
0.768627 0.843137 1
0.788235 0.298039 0.898039
0.788235 0.298039 0.898039
0.792157 0.898039 0.298039
0.8 0.8 1
0.803922 0.882353 0.976471
0.827451 0.827451 0.827451
0.847059 0.447059 0.8
0.898039 0.247059 0
0.898039 0.298039 0.352941
0.898039 0.298039 0.439216
0.898039 0.298039 0.517647
0.898039 0.298039 0.65098
0.898039 0.298039 0.678431
0.898039 0.298039 0.843137
0.898039 0.298039 0.862745
0.898039 0.368627 0.298039
0.898039 0.407843 0.298039
0.898039 0.572549 0.298039
0.898039 0.580392 0.298039
0.898039 0.733333 0.298039
0.898039 0.792157 0.298039
0.898039 0.898039 0.298039
0.905882 0.905882 0.905882
0.909804 0.909804 0.909804
0.960784 0.870588 0.701961
1 0 0
1 0 0
1 0 0
1 0 0.2
1 0 0.247059
1 0 0.498039
1 0 0.74902
1 0 1
1 0.247059 0
1 0.247059 0.247059
1 0.247059 0.498039
1 0.247059 0.74902
1 0.247059 1
1 0.498039 0
1 0.498039 0.247059
1 0.498039 0.313725
1 0.498039 0.498039
1 0.498039 0.74902
1 0.498039 1
1 0.647059 0
1 0.74902 0
1 0.74902 0.247059
1 0.74902 0.498039
1 0.74902 0.74902
1 0.74902 1
1 0.847059 0
1 0.980392 0.980392
1 1 0
1 1 0
1 1 0.247059
1 1 0.498039
1 1 0.74902
1 1 1
1 1 1
1 1 1
